0.000000000000000000e+00
0.000000000000000000e+00
0.000000000000000000e+00
0.000000000000000000e+00
5.940240844382064031e-05
5.739139699118737356e-05
5.611472254300737096e-05
6.133709697588718554e-05
0.000000000000000000e+00
0.000000000000000000e+00
0.000000000000000000e+00
0.000000000000000000e+00
0.000000000000000000e+00
0.000000000000000000e+00
0.000000000000000000e+00
0.000000000000000000e+00
5.889055744284266597e-05
5.786909171190722452e-05
5.702139171292963866e-05
5.660450318934066090e-05
5.783038364979622428e-05
5.908322550548200078e-05
6.070811633579971975e-05
5.995192273045983926e-05
-1.037525194603937183e-04
-8.739472936952348797e-05
-6.555933263854145409e-05
-5.336106454700291463e-05
-3.105641799432891001e-05
-1.899467817654367153e-05
-5.910552991741047149e-06
7.045515386772466353e-06
2.116609175133240276e-05
3.093570662145477061e-05
4.331193731164910573e-05
5.202353881369641876e-05
1.022444989033290553e-04
1.246072752428653866e-04
7.518004424518024147e-05
6.483070845808211729e-05
5.023517951171890106e-05
5.700305041644042103e-05
6.021354172587690615e-05
4.502920136528928941e-05
4.285659401634556327e-05
4.647350971172545069e-05
4.800922467489090897e-05
5.183578384738211063e-05
-1.062528273859617847e-04
-1.178317487312793865e-04
-6.677999484562256748e-05
-5.405257877962481642e-05
-3.733013498544387364e-05
-2.588004785882107916e-05
-7.901652911622527767e-06
4.254988737970604927e-06
1.768643703302053436e-05
2.710112588863412901e-05
4.012995298235776917e-05
4.889064686434331400e-05
1.050366336526148777e-04
9.574432942284277423e-05
6.900370338094043664e-05
7.855085146157049232e-05
8.421208325682541062e-05
5.580610601944113811e-05
5.923887935180339358e-05
4.909643477530406216e-05
4.702312747934722832e-05
5.036438848332647526e-05
5.160199300118493043e-05
5.585613813885209784e-05
7.885322126664414893e-06
5.017165559578838207e-05
8.207605461618762860e-06
2.101381690054319226e-05
2.451156014970974102e-05
3.630680318981196987e-05
4.449757937758236636e-05
3.752632062207371708e-05
1.184161533908189125e-05
-7.397887140306998066e-06
2.334510655756047182e-05
3.996797087277249513e-05
4.463875779108754523e-05
3.391100628938778744e-05
-3.443294028842219584e-05
3.915154477811214620e-05
3.454413924809758351e-05
-6.416554209976696498e-05
5.317635705862415013e-05
5.379534369090536181e-05
9.232812271150293371e-05
4.953250970959174659e-05
-5.228951131592926056e-05
4.624964679929336158e-05
-1.628882128817325968e-05
3.941213775012781379e-05
4.662882869628725234e-05
-7.312735579951073883e-06
1.006907648324637330e-05
3.988197321793197686e-05
3.081369987908175005e-05
4.474499379319506578e-05
5.514046238322327327e-05
-2.420893718634980640e-06
-1.023414909061854917e-05
5.059967722072082776e-05
1.433742808935824144e-05
1.241476337088398817e-05
2.425671947917585868e-05
3.534473430538173741e-05
4.527672657505159369e-05
3.768854138992984416e-05
3.180072609400221869e-05
3.459920904341788259e-05
2.711024175330281451e-05
-1.153566040286713608e-05
-1.592654671003556070e-06
3.793193709254714138e-05
-2.781043527835325087e-05
3.667058711645730494e-05
4.365923696066239900e-05
-3.310322269252041435e-05
5.500858831465839556e-05
5.287608322014342285e-05
4.882994450290819942e-05
5.109028256897990669e-05
-7.231779889377747204e-05
4.449721046216539318e-05
5.286439947782001897e-05
4.691084359551764271e-05
-1.184468113066271457e-05
-2.663545459110886778e-05
4.114191139109774786e-05
1.040266815858486297e-05
2.549277922099607994e-05
4.518012860519478958e-05
5.529829204959759093e-05
-6.791248186809226027e-07
7.257822467051146885e-06
4.923501000735559964e-05
1.734441914267622462e-06
1.534615732382215391e-05
2.297651221605271637e-05
3.414559316692234483e-05
4.060467809024640795e-05
-2.468851343316523744e-05
2.735596846877412107e-05
2.142872165163531897e-05
3.054083434081410490e-05
-1.777787750833142601e-05
6.694599976494802076e-06
2.178561115952657728e-05
3.459023751854531766e-05
4.243767044608893932e-05
-2.020326632264715920e-05
2.671169240653375969e-05
5.187847224675302168e-05
5.262175555064164674e-05
-8.212043474474924011e-05
4.517904435698693076e-05
8.234629890452484354e-05
4.861020489537393256e-05
3.559253004947942001e-05
3.305602424215819740e-05
-8.926691817681550533e-06
-2.840811516804454454e-05
4.046228307114742078e-05
8.728210848894887868e-06
4.101038532471006868e-05
2.608089310218723430e-05
5.367051060223851583e-05
2.469879201313600077e-06
1.847787092208861692e-06
5.271998132792002156e-05
5.404109409474187039e-06
1.637022047683153874e-05
2.604287446285925313e-05
3.804478431980431107e-05
4.342447151831492865e-05
-1.824862710429459820e-05
7.258134016694495608e-06
9.621003174426321586e-06
2.958417365596420498e-05
4.570715416219250053e-05
3.409241771274568438e-05
3.553432804570240080e-05
3.638833933274896365e-05
4.709713168710661979e-05
-2.749167855263022370e-05
4.454549349803806963e-05
5.478853604753973516e-05
5.696043213525692325e-05
-4.386152254804541467e-05
4.874901301369454328e-05
3.875285557359917511e-05
5.169109407589186244e-05
-3.139163877589777531e-05
4.209549865556486793e-05
3.171490491968633212e-05
-4.088595744951416983e-06
1.209744848891487279e-05
4.202338459712748840e-05
2.903368492159469187e-05
4.604123938699723994e-05
5.719082321490807208e-05
7.002170501244277622e-06
0.000000000000000000e+00
0.000000000000000000e+00
0.000000000000000000e+00
0.000000000000000000e+00
0.000000000000000000e+00
0.000000000000000000e+00
0.000000000000000000e+00
0.000000000000000000e+00
0.000000000000000000e+00
5.844257116211723648e-05
5.774717439804518039e-05
5.913508714551060430e-05
5.770026501182841334e-05
5.915660420373163031e-05
5.744098668310274714e-05
5.830638642470413208e-05
5.842072946274299688e-05
5.963696384366634759e-05
1.933546148787932390e-05
2.687856315829904923e-05
1.281709785864948552e-05
4.690258861641168753e-05
4.733934746791309346e-06
3.788321985830170628e-05
-3.733266597564171127e-06
5.362529935131010679e-05
9.924071968453567876e-06
2.791281798383964547e-05
2.071719935543003685e-05
2.853024908232931623e-05
0.000000000000000000e+00
0.000000000000000000e+00
0.000000000000000000e+00
0.000000000000000000e+00
-1.741997932875631247e-02
-1.742057697428719618e-02
-1.741697452825996875e-02
-1.741659310849007561e-02
0.000000000000000000e+00
0.000000000000000000e+00
0.000000000000000000e+00
0.000000000000000000e+00
0.000000000000000000e+00
0.000000000000000000e+00
0.000000000000000000e+00
0.000000000000000000e+00
-1.741928248979904628e-02
-1.741970204942132339e-02
-1.741961758151838735e-02
-1.741832759336275210e-02
-1.741620887518492700e-02
-1.741595892184984867e-02
-1.741802501868846761e-02
-1.741902623697903427e-02
-3.394702268754374100e-04
-9.545272711708751873e-04
-1.878226265068254873e-03
-3.005616093905981966e-03
-4.293745780698706056e-03
-5.741585692678966707e-03
-7.283751584898162657e-03
-8.914748041348586130e-03
-1.058595088287240908e-02
-1.228928679143230507e-02
-1.399818600617662966e-02
-1.571248475186133239e-02
-3.556088506629114638e-04
-9.823022806205511034e-04
-1.866569306767723417e-03
-3.000861399894296996e-03
-4.302548518208929550e-03
-5.747778302177781323e-03
-7.283314008912178221e-03
-8.913547508027357125e-03
-1.058418536647352109e-02
-1.228664262080417235e-02
-1.399921210313606092e-02
-1.571274932304707328e-02
-3.501055642862723003e-04
-9.515831998649408813e-04
-1.855758903898635081e-03
-2.993936898812489707e-03
-4.302842238643991152e-03
-5.738244014532854938e-03
-7.278759519560992416e-03
-8.907570207200421822e-03
-1.058304402301863539e-02
-1.228710338999969807e-02
-1.399447876976414769e-02
-1.570946465426530450e-02
-3.517820220172705758e-04
-9.611805056546338967e-04
-1.860533058590691912e-03
-2.995315028259531564e-03
-4.290025286941768351e-03
-5.733685522285048193e-03
-7.283711660360449487e-03
-8.913673223079218721e-03
-1.058483617896843580e-02
-1.228414598724777464e-02
-1.399533483091091463e-02
-1.570883638279468170e-02
-3.753646073806055474e-04
-1.532592321451279466e-02
-2.330315823312001378e-03
-4.968408053887470553e-03
-8.067784934988272288e-03
-1.146012227881337830e-02
-1.341624335810134502e-02
-1.162598530939910240e-03
-6.479350876502607513e-03
-3.574648214319217036e-03
-9.732411613827467861e-03
-3.583169018629165682e-03
-6.472291833095961816e-03
-9.736078385067830493e-03
-1.471575612032979341e-03
-1.290524244394599188e-02
-1.631605153724369499e-04
-1.293970057211683118e-04
-1.613912339716033761e-02
-1.622557165630211795e-02
-5.996856943820679875e-04
-1.485471794568954569e-02
-6.430193492454659796e-04
-1.459774365201724558e-02
-2.385410893932031831e-03
-4.988060848633363124e-03
-2.351998116658271694e-03
-4.980410903978991707e-03
-8.074292325441786641e-03
-8.078613326890382931e-03
-1.143251829414727166e-02
-1.145263004974986058e-02
-1.657491167600874671e-02
-6.623725882386362340e-05
-3.720827207501165783e-04
-1.532252749709385464e-02
-2.330823416066666893e-03
-4.960957436438230388e-03
-8.067863455673150025e-03
-1.145744510838236745e-02
-1.341219763570934004e-02
-1.168665342006070321e-03
-6.470894222882273006e-03
-3.582277297025882653e-03
-9.732375810196508548e-03
-3.589298521853393712e-03
-6.466894695667414240e-03
-9.737655306436740141e-03
-1.447823517702122482e-03
-1.290189614849016064e-02
-1.732476213628212931e-04
-1.316294732623846542e-04
-1.613515344508710536e-02
-1.622266975645135501e-02
-5.629983618925440275e-04
-1.485088107812981319e-02
-6.575456588479835964e-04
-1.459380162853351863e-02
-2.350673178578325476e-03
-4.970236567979502244e-03
-4.982069243175362219e-03
-2.393673488590567552e-03
-8.078699688948946453e-03
-8.074688042364277021e-03
-1.142840974166592187e-02
-1.145162323235451515e-02
-1.657148922493027060e-02
-7.772265299834923969e-05
-5.147981712251222019e-04
-1.532642886815325026e-02
-2.393712166356407045e-03
-5.019369364629648611e-03
-8.095910053262610900e-03
-1.147967342044743655e-02
-1.341851882139917171e-02
-1.253125074801827825e-03
-6.515257922664222795e-03
-3.640638203259009744e-03
-9.744343830522290625e-03
-3.634375235563798955e-03
-6.507373168357658867e-03
-9.747531101796014577e-03
-1.518357689851809267e-03
-1.290930807253373204e-02
-2.447892700879548532e-04
-2.077981650547152618e-04
-1.613752141857073899e-02
-1.622609295808550428e-02
-6.782372988830753444e-04
-1.485298378039813516e-02
-7.773336165639125077e-04
-1.460027326708071907e-02
-2.401042920273553909e-03
-5.013861879360794784e-03
-5.006371415240497280e-03
-2.386150346484249354e-03
-8.091235567131191408e-03
-8.093211725913911775e-03
-1.144120751834561307e-02
-1.146350530354363871e-02
-1.657427690142704302e-02
-1.690854399066222223e-04
-4.833924840307474722e-04
-1.532646987289177157e-02
-2.420865027576167387e-03
-5.010443779780761504e-03
-8.098161701592544032e-03
-1.145252782636160122e-02
-1.341598133506862606e-02
-1.264023270165306545e-03
-6.503902694389976716e-03
-3.646920768246324305e-03
-9.751980210309048325e-03
-3.639431331945059377e-03
-6.507453308538942507e-03
-9.751733693097515421e-03
-1.524900812324344549e-03
-1.290314360953759981e-02
-2.489933393960280794e-04
-2.259736199546346117e-04
-1.613879619563349938e-02
-1.622431772017363452e-02
-6.264382264493599094e-04
-1.485459804129275925e-02
-7.391587222100743640e-04
-1.459757356024562157e-02
-2.406145278502446958e-03
-5.003657797419893902e-03
-2.444860694115100989e-03
-4.998146681881540133e-03
-8.093361249187800907e-03
-8.092889725360449468e-03
-1.145389964579017136e-02
-1.139419957937953115e-02
-1.657380782987572659e-02
-1.880677378915535103e-04
0.000000000000000000e+00
0.000000000000000000e+00
0.000000000000000000e+00
0.000000000000000000e+00
0.000000000000000000e+00
0.000000000000000000e+00
0.000000000000000000e+00
0.000000000000000000e+00
0.000000000000000000e+00
-1.741833728861662267e-02
-1.741812600387735582e-02
-1.741787114772400460e-02
-1.741966434528943730e-02
-1.741913233171417039e-02
-1.741902817595522221e-02
-1.741956181638404724e-02
-1.741733359713078938e-02
-1.741863416503986947e-02
-5.822147995417740161e-03
-9.039566902072285540e-03
-3.052402960061179494e-03
-1.428962630655461301e-02
-7.738959692111262081e-04
-1.199428256170072087e-02
-2.124898858254960763e-04
-1.599068126281748964e-02
-1.782697797914299274e-03
-7.385072160336673963e-03
-4.373329373583455422e-03
-7.375456078222179454e-03
0.000000000000000000e+00
0.000000000000000000e+00
0.000000000000000000e+00
0.000000000000000000e+00
-2.201427242736409690e-03
2.226592676277798846e-03
2.209823774109142321e-03
-2.218221507224898189e-03
0.000000000000000000e+00
0.000000000000000000e+00
0.000000000000000000e+00
0.000000000000000000e+00
0.000000000000000000e+00
0.000000000000000000e+00
0.000000000000000000e+00
0.000000000000000000e+00
-7.248881590360549713e-04
7.494190032818575081e-04
2.220843086172654638e-03
2.215029682635333112e-03
7.331935096687005118e-04
-7.414278932249304503e-04
-2.212754032000120372e-03
-2.207115603245129141e-03
-5.347291920605765992e-04
-9.177295945478539238e-04
-1.233513321797112929e-03
-1.469014823995540894e-03
-1.707449881293677781e-03
-1.879698624776405917e-03
-1.982681767373295576e-03
-2.081708970149452782e-03
-2.145369858637738870e-03
-2.175280056557353341e-03
-2.194800536491926628e-03
-2.200168411888742907e-03
4.898903441442777323e-04
8.596379638280251048e-04
1.186201762772081617e-03
1.489074604330207141e-03
1.699396716382093339e-03
1.862830067446110544e-03
2.009954731537673747e-03
2.104316161597030634e-03
2.166217292111320605e-03
2.202337817695250444e-03
2.220209225869078547e-03
2.225939680757709448e-03
5.296057337931620252e-04
8.808517340119041954e-04
1.237984186221277681e-03
1.509555066555709393e-03
1.693136885647922654e-03
1.858860984406377100e-03
2.001218987052012094e-03
2.093187827864562752e-03
2.145489863779234761e-03
2.180972294656834294e-03
2.202260860784367984e-03
2.208423302625732790e-03
-4.748597463539388857e-04
-9.038145117602953450e-04
-1.189981129881606883e-03
-1.497784119502381349e-03
-1.694985495510250000e-03
-1.888090816016241595e-03
-2.007974710873255270e-03
-2.100190704266349274e-03
-2.161697935883203150e-03
-2.192884218665458115e-03
-2.210995450845923416e-03
-2.217918009764827114e-03
6.236025256573045972e-06
7.383173577303192971e-05
-3.046104363443836996e-05
9.300118743504308196e-06
8.111346242124582012e-06
-4.864490051313360882e-05
5.873215425156865866e-04
2.708524085254108483e-04
-5.254471979386283369e-04
-4.779034921812558290e-04
-6.396873345839385744e-04
6.474208578388186480e-04
7.976574599991378576e-04
8.603880862673502676e-04
-5.146446797924118972e-04
-1.045388599961784423e-03
1.470156051301218343e-04
-1.461208834370405531e-04
9.946151958151320301e-04
-1.041919303522733081e-03
3.666493655940082251e-04
1.238271133832067380e-03
-3.238539720303720230e-04
-9.685871393319987668e-04
-7.513691945753675321e-04
1.020723417274512976e-03
7.666659673381475510e-04
-1.016846909105739109e-03
-1.157297984391297049e-03
1.179688203066535943e-03
-1.231602449249492252e-03
1.218808096632969466e-03
1.144335790149539067e-05
1.066712749115244962e-05
-5.482161676311325373e-05
-6.604103225977700313e-05
2.754407487738577150e-05
4.553166426723875051e-06
1.099924535291624343e-06
5.541881495705030646e-05
-5.795807680141204033e-04
-2.672062579679661916e-04
-5.310702799944811824e-04
-4.395831987176337203e-04
6.451535271274967979e-04
6.422793260979822163e-04
7.874421046201136387e-04
-8.533844247703811954e-04
5.187199392804939376e-04
1.052465179995739275e-03
-1.568669615113632305e-04
1.456599492466207832e-04
-9.864425774432938367e-04
1.050370434408542464e-03
-3.882927613874118198e-04
-1.230363947067993850e-03
3.259665094768782905e-04
9.762315008853823632e-04
-7.334940923707978675e-04
-1.020576656898374490e-03
1.018506328434492895e-03
7.788766798616753809e-04
-1.173480945605184832e-03
1.165680559429030112e-03
1.236881680856871755e-03
-1.209815430254469791e-03
-3.471718160788640994e-06
-3.420335067434775169e-06
4.961060496316377312e-04
2.216243061151423020e-03
1.375579673977062566e-03
1.779308494111799931e-03
2.059948825469151614e-03
2.175170321665175540e-03
2.202575906422061126e-03
9.989966334300209340e-04
1.921725032242541749e-03
1.621745318074630177e-03
2.134323695762998033e-03
1.606627928964914119e-03
1.943162399951859623e-03
2.122271637083982584e-03
1.069167609837382840e-03
2.204650394220731419e-03
3.624365912944859736e-04
3.469064385901071191e-04
2.213252754052071405e-03
2.221368111048729714e-03
6.622844360222181854e-04
2.208434198304118357e-03
7.264534809294727379e-04
2.216518863555378901e-03
1.374083676405807352e-03
1.772220260895765193e-03
1.779780441942915110e-03
1.361672629740980685e-03
2.069472775745738197e-03
2.035687160209171884e-03
2.179075896359071972e-03
2.167684066337664112e-03
2.217565220286112602e-03
2.285370886285405527e-04
-6.550843067773258780e-04
-2.206697169965300166e-03
-1.340691168414655677e-03
-1.800610852932233536e-03
-2.058490418133585974e-03
-2.154866815034775854e-03
-2.193537043215056277e-03
-1.027869371286574017e-03
-1.929747281276053767e-03
-1.580444738558212927e-03
-2.123774940381731834e-03
-1.561763572690757097e-03
-1.930001785617713878e-03
-2.131313578572911500e-03
-1.104446135844862299e-03
-2.194292431360943523e-03
-3.745791882651145909e-04
-3.502405122772810141e-04
-2.205168721275227450e-03
-2.213076553285729751e-03
-7.245099870861568692e-04
-2.200011936002325540e-03
-7.814045041180171618e-04
-2.207475542550231713e-03
-1.346953643763139710e-03
-1.805868112498742279e-03
-1.330559829160912495e-03
-1.786647037207303576e-03
-2.045159934984739324e-03
-2.064211230907184690e-03
-2.161944159402129795e-03
-2.168928035500161926e-03
-2.209480396524547783e-03
-2.963508778444751916e-04
0.000000000000000000e+00
0.000000000000000000e+00
0.000000000000000000e+00
0.000000000000000000e+00
0.000000000000000000e+00
0.000000000000000000e+00
0.000000000000000000e+00
0.000000000000000000e+00
0.000000000000000000e+00
3.990311598020761282e-06
9.225534303933449884e-04
-9.216906853887861647e-04
9.297091183512243544e-04
-9.148911908441197290e-04
1.453370545008361193e-03
9.235940287470080501e-06
-1.401858553372731739e-06
-1.445849070026773795e-03
1.179359120146973122e-05
2.035579762433290243e-05
-1.131672721529128250e-05
3.581096305923386981e-06
5.066378604255678794e-05
-3.918241024398389851e-07
-1.079011232945720303e-04
-7.201023617334514860e-04
2.169346042686662800e-04
-5.632234508797863718e-04
-4.895621429734279368e-04
6.018503843430328968e-04
