0
0
0
0
5.8887e-05
5.7039e-05
5.569e-05
6.0851e-05
0
0
0
0
0
0
0
0
5.8373e-05
5.742e-05
5.6659e-05
5.6203e-05
5.7358e-05
5.8574e-05
6.0229e-05
5.9445e-05
-0.00010378
-8.7446e-05
-6.5627e-05
-5.342e-05
-3.1102e-05
-1.9058e-05
-5.9568e-06
6.935e-06
2.0963e-05
3.0668e-05
4.3331e-05
5.16e-05
0.00010225
0.00012462
7.5134e-05
6.4758e-05
5.0145e-05
5.6899e-05
6.0073e-05
4.5051e-05
4.2905e-05
4.6697e-05
4.7977e-05
5.1527e-05
-0.00010626
-0.00011784
-6.6806e-05
-5.4095e-05
-3.736e-05
-2.5923e-05
-7.9299e-06
4.162e-06
1.7622e-05
2.7193e-05
3.9879e-05
4.8516e-05
0.00010505
9.5753e-05
6.8954e-05
7.8468e-05
8.4076e-05
5.5679e-05
5.9134e-05
4.9049e-05
4.7076e-05
5.0391e-05
5.1636e-05
5.5469e-05
7.8714e-06
4.964e-05
8.0878e-06
2.0956e-05
2.4474e-05
3.6221e-05
4.4173e-05
3.7509e-05
1.1841e-05
-7.4579e-06
2.3282e-05
3.9892e-05
4.4542e-05
3.3957e-05
-3.4502e-05
3.8982e-05
3.454e-05
-6.4181e-05
5.2759e-05
5.3274e-05
9.2326e-05
4.9155e-05
-5.2322e-05
4.5826e-05
-1.6376e-05
3.9325e-05
4.6542e-05
-7.3343e-06
1.0024e-05
3.9841e-05
3.0652e-05
4.4778e-05
5.4657e-05
-2.4272e-06
-1.0236e-05
5.0071e-05
1.4285e-05
1.2363e-05
2.418e-05
3.5393e-05
4.5256e-05
3.7702e-05
3.1645e-05
3.4535e-05
2.7032e-05
-1.1583e-05
-1.682e-06
3.7933e-05
-2.7823e-05
3.6859e-05
4.3664e-05
-3.3102e-05
5.4547e-05
5.2445e-05
4.8834e-05
5.0748e-05
-7.2329e-05
4.4069e-05
5.2803e-05
4.6799e-05
-1.1876e-05
-2.6681e-05
4.1071e-05
1.032e-05
2.535e-05
4.5338e-05
5.4813e-05
-6.7715e-07
7.2572e-06
4.8821e-05
1.6802e-06
1.5294e-05
2.2908e-05
3.4241e-05
4.0584e-05
-2.4705e-05
2.7235e-05
2.1361e-05
3.0557e-05
-1.7823e-05
6.6439e-06
2.1718e-05
3.4591e-05
4.2784e-05
-2.0203e-05
2.6713e-05
5.1513e-05
5.2285e-05
-8.213e-05
4.4819e-05
8.2353e-05
4.8382e-05
3.553e-05
3.2957e-05
-8.9497e-06
-2.8459e-05
4.0402e-05
8.6703e-06
4.1143e-05
2.6088e-05
5.3311e-05
2.4707e-06
1.836e-06
5.2392e-05
5.3465e-06
1.6308e-05
2.5945e-05
3.8039e-05
4.3309e-05
-1.8305e-05
7.2e-06
9.5614e-06
2.9457e-05
4.5627e-05
3.3949e-05
3.5487e-05
3.6358e-05
4.7046e-05
-2.7502e-05
4.4548e-05
5.4324e-05
5.6527e-05
-4.3893e-05
4.8454e-05
3.8747e-05
5.1431e-05
-3.1463e-05
4.1965e-05
3.1658e-05
-4.1201e-06
1.2011e-05
4.1941e-05
2.8804e-05
4.615e-05
5.6727e-05
6.9992e-06
0
0
0
0
0
0
0
0
0
5.7927e-05
5.7283e-05
5.8618e-05
5.7252e-05
5.862e-05
5.7019e-05
5.7807e-05
5.7926e-05
5.9123e-05
1.9305e-05
2.6856e-05
1.2761e-05
4.6146e-05
4.7259e-06
3.8038e-05
-3.7375e-06
5.3059e-05
9.8842e-06
2.7827e-05
2.0664e-05
2.8463e-05
0
0
0
0
-0.01742
-0.017421
-0.017417
-0.017417
0
0
0
0
0
0
0
0
-0.01742
-0.01742
-0.01742
-0.017419
-0.017417
-0.017416
-0.017418
-0.017419
-0.00033948
-0.00095458
-0.0018782
-0.0030055
-0.0042936
-0.0057414
-0.0072835
-0.0089145
-0.010586
-0.012289
-0.013998
-0.015713
-0.0003556
-0.0009823
-0.0018666
-0.0030008
-0.0043024
-0.0057476
-0.0072831
-0.0089134
-0.010584
-0.012287
-0.013999
-0.015713
-0.0003501
-0.00095159
-0.0018557
-0.0029939
-0.0043027
-0.0057381
-0.0072786
-0.0089075
-0.010583
-0.012287
-0.013995
-0.01571
-0.0003518
-0.00096122
-0.0018606
-0.0029953
-0.0042899
-0.0057336
-0.0072835
-0.0089135
-0.010585
-0.012284
-0.013995
-0.015709
-0.00037536
-0.015326
-0.0023303
-0.0049682
-0.0080676
-0.01146
-0.013416
-0.0011626
-0.0064791
-0.0035745
-0.0097323
-0.0035831
-0.0064722
-0.009736
-0.0014716
-0.012905
-0.00016315
-0.00012939
-0.016139
-0.016226
-0.00059968
-0.014855
-0.00064303
-0.014598
-0.0023854
-0.0049879
-0.002352
-0.0049802
-0.0080741
-0.0080784
-0.011432
-0.011453
-0.016575
-6.6232e-05
-0.00037209
-0.015323
-0.0023308
-0.0049608
-0.0080677
-0.011458
-0.013412
-0.0011687
-0.0064708
-0.0035822
-0.0097322
-0.0035892
-0.0064668
-0.0097376
-0.0014478
-0.012902
-0.00017325
-0.00013163
-0.016135
-0.016223
-0.00056302
-0.014851
-0.00065755
-0.014594
-0.0023507
-0.0049701
-0.0049819
-0.0023937
-0.0080785
-0.0080745
-0.011428
-0.011452
-0.016572
-7.7721e-05
-0.00051481
-0.015327
-0.0023937
-0.0050191
-0.0080958
-0.01148
-0.013419
-0.0012531
-0.0065151
-0.0036405
-0.0097444
-0.0036342
-0.0065071
-0.0097475
-0.0015184
-0.01291
-0.00024479
-0.00020779
-0.016138
-0.016226
-0.00067824
-0.014853
-0.00077735
-0.014601
-0.0024011
-0.0050136
-0.0050061
-0.0023861
-0.0080911
-0.008093
-0.011442
-0.011463
-0.016575
-0.00016908
-0.00048341
-0.015327
-0.0024209
-0.0050102
-0.008098
-0.011453
-0.013416
-0.0012641
-0.0065037
-0.0036468
-0.0097519
-0.0036393
-0.0065072
-0.0097517
-0.001525
-0.012903
-0.000249
-0.00022598
-0.016139
-0.016225
-0.00062646
-0.014855
-0.00073919
-0.014598
-0.0024061
-0.0050035
-0.0024449
-0.0049979
-0.0080932
-0.0080927
-0.011454
-0.011394
-0.016574
-0.00018808
0
0
0
0
0
0
0
0
0
-0.017419
-0.017419
-0.017418
-0.01742
-0.01742
-0.017419
-0.01742
-0.017418
-0.017419
-0.0058216
-0.0090395
-0.0030523
-0.01429
-0.00077392
-0.011995
-0.00021249
-0.015991
-0.0017828
-0.0073848
-0.0043731
-0.0073752
0
0
0
0
-0.0022015
0.0022267
0.00221
-0.0022183
0
0
0
0
0
0
0
0
-0.00072488
0.00074951
0.002221
0.0022152
0.00073334
-0.00074134
-0.0022128
-0.0022072
-0.00053479
-0.00091784
-0.0012336
-0.001469
-0.0017075
-0.0018798
-0.0019828
-0.0020818
-0.0021455
-0.0021753
-0.0021948
-0.0022003
0.00048988
0.00085962
0.0011861
0.0014889
0.0016992
0.0018627
0.0020098
0.0021045
0.0021665
0.0022026
0.0022201
0.002226
0.00052961
0.00088085
0.0012379
0.0015094
0.001693
0.0018588
0.0020012
0.0020933
0.0021456
0.0021811
0.0022026
0.0022086
-0.0004749
-0.00090388
-0.00119
-0.0014978
-0.001695
-0.0018881
-0.0020081
-0.0021004
-0.0021619
-0.0021929
-0.0022112
-0.002218
6.2031e-06
7.3941e-05
-3.0611e-05
9.1975e-06
8.0916e-06
-4.8533e-05
0.00058734
0.00027079
-0.00052558
-0.00047798
-0.00063968
0.0006473
0.00079758
0.00086048
-0.00051475
-0.0010454
0.000147
-0.00014615
0.00099473
-0.0010419
0.00036663
0.0012383
-0.00032392
-0.00096852
-0.00075146
0.0010206
0.00076657
-0.0010169
-0.0011574
0.0011797
-0.0012316
0.001219
1.1512e-05
1.0655e-05
-5.484e-05
-6.5903e-05
2.7482e-05
4.4895e-06
1.0791e-06
5.5436e-05
-0.00057938
-0.00026726
-0.00053118
-0.00043963
0.00064525
0.00064219
0.00078739
-0.00085346
0.00051869
0.0010525
-0.00015689
0.00014566
-0.00098637
0.0010505
-0.00038834
-0.0012303
0.00032596
0.00097642
-0.00073355
-0.0010206
0.0010184
0.0007788
-0.0011736
0.0011657
0.001237
-0.0012099
-3.3511e-06
-3.4265e-06
0.00049611
0.0022164
0.0013755
0.0017792
0.00206
0.0021754
0.0022027
0.00099899
0.0019216
0.0016216
0.0021346
0.0016065
0.0019432
0.0021225
0.0010692
0.0022047
0.00036244
0.00034691
0.0022134
0.0022215
0.00066228
0.0022086
0.00072646
0.0022166
0.001374
0.0017721
0.0017797
0.0013616
0.0020695
0.0020358
0.0021793
0.0021679
0.0022177
0.00022854
-0.00065515
-0.0022068
-0.0013407
-0.0018006
-0.0020586
-0.002155
-0.0021938
-0.001028
-0.0019299
-0.0015805
-0.0021239
-0.0015618
-0.00193
-0.0021315
-0.0011046
-0.0021944
-0.00037462
-0.00035027
-0.0022052
-0.0022132
-0.00072459
-0.0022001
-0.00078148
-0.0022076
-0.001347
-0.0018058
-0.0013306
-0.0017867
-0.0020453
-0.0020643
-0.0021621
-0.0021691
-0.0022096
-0.00029638
0
0
0
0
0
0
0
0
0
4.0742e-06
0.00092267
-0.00092165
0.00092982
-0.00091486
0.0014535
9.3022e-06
-1.3076e-06
-0.0014459
1.1744e-05
2.0406e-05
-1.1378e-05
3.6749e-06
5.0636e-05
-2.1029e-07
-0.00010792
-0.00072004
0.00021688
-0.00056326
-0.0004896
0.00060186
