1.9305e-05
4.6146e-05
3.8038e-05
4.4778e-05
3.7702e-05
3.6358e-05
9.8842e-06
3.4241e-05
3.6221e-05
7.2e-06
1.1841e-05
-1.682e-06
6.6439e-06
2.6088e-05
-2.7823e-05
-1.8305e-05
3.3949e-05
4.4542e-05
3.1645e-05
2.7235e-05
-2.4705e-05
4.2784e-05
3.6859e-05
3.8982e-05
4.3309e-05
4.7046e-05
4.5256e-05
-3.4502e-05
3.553e-05
8.0878e-06
4.6542e-05
3.4591e-05
-5.9568e-06
-7.9299e-06
5.5679e-05
-8.7446e-05
4.3331e-05
-0.00011784
5.1636e-05
9.5753e-05
6.0073e-05
7.5134e-05
4.6697e-05
2.7193e-05
-0.0058216
-0.01429
-0.011995
-0.011453
-0.0011687
-0.001525
-0.0017828
-0.01148
-0.01146
-0.0065037
-0.0064791
-0.0064668
-0.0065071
-0.011463
-0.0014478
-0.0012641
-0.0065072
-0.0064722
-0.0064708
-0.0065151
-0.0012531
-0.01291
-0.012902
-0.012905
-0.013416
-0.012903
-0.013412
-0.0014716
-0.0024011
-0.0023303
-0.002352
-0.0015184
-0.0072835
-0.0072786
-0.0057336
-0.00095458
-0.013998
-0.00095159
-0.013995
-0.00096122
-0.0072831
-0.0018666
-0.012287
-0.012287
1.1744e-05
3.6749e-06
-2.1029e-07
0.001219
-0.00026726
-0.0011046
0.00021688
0.0021754
-4.8533e-05
-0.0019299
-0.00052558
0.00078739
0.0019432
0.0021679
0.00051869
-0.001028
-0.00193
0.00079758
-0.00053118
0.0019216
0.00099899
0.0022047
0.0010525
-0.0010454
-0.0021938
-0.0021944
-0.00057938
-0.00051475
0.001374
-3.0611e-05
0.00076657
0.0010692
-0.0019828
0.0020012
-0.0018881
-0.00091784
-0.0021948
0.00088085
-0.0022112
-0.00090388
0.0020098
0.0011861
0.0022026
0.0021811
