1.933546148787932390e-05
4.690258861641168753e-05
3.788321985830170628e-05
4.474499379319506578e-05
3.768854138992984416e-05
3.638833933274896365e-05
9.924071968453567876e-06
3.414559316692234483e-05
3.630680318981196987e-05
7.258134016694495608e-06
1.184161533908189125e-05
-1.592654671003556070e-06
6.694599976494802076e-06
2.608089310218723430e-05
-2.781043527835325087e-05
-1.824862710429459820e-05
3.409241771274568438e-05
4.463875779108754523e-05
3.180072609400221869e-05
2.735596846877412107e-05
-2.468851343316523744e-05
4.243767044608893932e-05
3.667058711645730494e-05
3.915154477811214620e-05
4.342447151831492865e-05
4.709713168710661979e-05
4.527672657505159369e-05
-3.443294028842219584e-05
3.559253004947942001e-05
8.207605461618762860e-06
4.662882869628725234e-05
3.459023751854531766e-05
-5.910552991741047149e-06
-7.901652911622527767e-06
5.580610601944113811e-05
-8.739472936952348797e-05
4.331193731164910573e-05
-1.178317487312793865e-04
5.160199300118493043e-05
9.574432942284277423e-05
6.021354172587690615e-05
7.518004424518024147e-05
4.647350971172545069e-05
2.710112588863412901e-05
-5.822147995417740161e-03
-1.428962630655461301e-02
-1.199428256170072087e-02
-1.145263004974986058e-02
-1.168665342006070321e-03
-1.524900812324344549e-03
-1.782697797914299274e-03
-1.147967342044743655e-02
-1.146012227881337830e-02
-6.503902694389976716e-03
-6.479350876502607513e-03
-6.466894695667414240e-03
-6.507373168357658867e-03
-1.146350530354363871e-02
-1.447823517702122482e-03
-1.264023270165306545e-03
-6.507453308538942507e-03
-6.472291833095961816e-03
-6.470894222882273006e-03
-6.515257922664222795e-03
-1.253125074801827825e-03
-1.290930807253373204e-02
-1.290189614849016064e-02
-1.290524244394599188e-02
-1.341598133506862606e-02
-1.290314360953759981e-02
-1.341219763570934004e-02
-1.471575612032979341e-03
-2.401042920273553909e-03
-2.330315823312001378e-03
-2.351998116658271694e-03
-1.518357689851809267e-03
-7.283751584898162657e-03
-7.278759519560992416e-03
-5.733685522285048193e-03
-9.545272711708751873e-04
-1.399818600617662966e-02
-9.515831998649408813e-04
-1.399533483091091463e-02
-9.611805056546338967e-04
-7.283314008912178221e-03
-1.866569306767723417e-03
-1.228664262080417235e-02
-1.228710338999969807e-02
1.179359120146973122e-05
3.581096305923386981e-06
-3.918241024398389851e-07
1.218808096632969466e-03
-2.672062579679661916e-04
-1.104446135844862299e-03
2.169346042686662800e-04
2.175170321665175540e-03
-4.864490051313360882e-05
-1.929747281276053767e-03
-5.254471979386283369e-04
7.874421046201136387e-04
1.943162399951859623e-03
2.167684066337664112e-03
5.187199392804939376e-04
-1.027869371286574017e-03
-1.930001785617713878e-03
7.976574599991378576e-04
-5.310702799944811824e-04
1.921725032242541749e-03
9.989966334300209340e-04
2.204650394220731419e-03
1.052465179995739275e-03
-1.045388599961784423e-03
-2.193537043215056277e-03
-2.194292431360943523e-03
-5.795807680141204033e-04
-5.146446797924118972e-04
1.374083676405807352e-03
-3.046104363443836996e-05
7.666659673381475510e-04
1.069167609837382840e-03
-1.982681767373295576e-03
2.001218987052012094e-03
-1.888090816016241595e-03
-9.177295945478539238e-04
-2.194800536491926628e-03
8.808517340119041954e-04
-2.210995450845923416e-03
-9.038145117602953450e-04
2.009954731537673747e-03
1.186201762772081617e-03
2.202337817695250444e-03
2.180972294656834294e-03
