0.561424265659032
0.519580963649198
0.464891711315427
0.409101560849882
0.358649896283113
0.315574131327627
0.279654312315590
0.249877621857359
0.225120218755787
0.204389563844774
0.186877961562009
0.171949119652556
0.159107249770312
0.147966282768386
0.138224209352136
0.129643080611211
0.122033848768513
0.115244994508496
0.109154007356617
0.103660982421841
0.0986837796175738
0.0941543376969744
0.0900158455067101
0.0862205534732194
0.0827280666765245
0.0795040029396259
0.0765189297354350
0.0737475157248002
0.0711678487773330
0.0687608840869533