0.197937484465348
0.197662166326371
0.197205799995066
0.196572072780843
0.195766032432010
0.194793978525319
0.195332520779601
0.192382479336517
0.190960623086755
0.189407600962619
0.187733722453012
0.185949601877254
0.185153732486989
0.182093682797871
0.180043281106896
0.177925184483196
0.175749438698439
0.173525666031132
0.171263001657629
0.168970046160787
0.166654832902971
0.164324808760023
0.161986826570013
0.159647147599176
0.157311452349719
0.154984858112760
0.152671941788146
0.150376766637011
0.148102911790503
0.145853503499646