10
13
13
13
14
17
17
14
17
14
14
18
18
18
22
18
14
18
18
14
14
18
18
19
23
19
18
23
23
18
14
18
19
18
14
14
18
18
19
23
19
19
24
24
19
18
23
24
23
18
14
18
19
19
18
14
14
18
18
19
23
19
19
24
24
19
19
24
25
24
19
18
23
24
24
23
18
14
18
19
19
19
18
14
14
18
18
19
23
19
19
24
24
19
19
24
25
24
19
19
24
25
25
24
19
18
23
24
24
24
23
18
14
18
19
19
19
19
18
14
14
18
18
19
23
19
19
24
24
19
19
24
25
24
19
19
24
25
25
24
19
19
24
25
25
25
24
19
18
23
24
24
24
24
23
18
14
18
19
19
19
19
19
18
14
8
12
12
13
17
13
13
18
18
13
13
18
19
18
13
13
18
19
19
18
13
13
18
19
19
19
18
13
13
18
19
19
19
19
18
13
12
17
18
18
18
18
18
17
12
8
12
13
13
13
13
13
13
12
8
5
9
9
10
14
10
10
15
15
10
10
15
16
15
10
10
15
16
16
15
10
10
15
16
16
16
15
10
10
15
16
16
16
16
15
10
10
15
16
16
16
16
16
15
10
9
14
15
15
15
15
15
15
14
9
5
9
10
10
10
10
10
10
10
9
5
