55
64
64
64
64
64
64
64
64
64
20
29
29
29
29
29
29
29
29
20
29
29
29
29
29
29
29
20
29
29
29
29
29
29
20
29
29
29
29
29
20
29
29
29
29
20
29
29
29
20
29
29
20
29
20
11
21
21
21
21
21
21
21
21
21
31
31
31
31
31
31
31
21
31
31
31
31
31
31
21
31
31
31
31
31
21
31
31
31
31
21
31
31
31
21
31
31
21
31
21
11
21
21
21
21
21
21
21
21
31
31
31
31
31
31
21
31
31
31
31
31
21
31
31
31
31
21
31
31
31
21
31
31
21
31
21
11
21
21
21
21
21
21
21
31
31
31
31
31
21
31
31
31
31
21
31
31
31
21
31
31
21
31
21
11
21
21
21
21
21
21
31
31
31
31
21
31
31
31
21
31
31
21
31
21
11
21
21
21
21
21
31
31
31
21
31
31
21
31
21
11
21
21
21
21
31
31
21
31
21
11
21
21
21
31
21
11
21
21
11
