231
41
41
41
41
41
41
41
41
41
41
41
41
41
41
41
41
41
41
41
41
22
42
42
42
42
42
42
42
42
42
42
42
42
42
42
42
42
42
42
42
22
42
42
42
42
42
42
42
42
42
42
42
42
42
42
42
42
42
42
22
42
42
42
42
42
42
42
42
42
42
42
42
42
42
42
42
42
22
42
42
42
42
42
42
42
42
42
42
42
42
42
42
42
42
22
42
42
42
42
42
42
42
42
42
42
42
42
42
42
42
22
42
42
42
42
42
42
42
42
42
42
42
42
42
42
22
42
42
42
42
42
42
42
42
42
42
42
42
42
22
42
42
42
42
42
42
42
42
42
42
42
42
22
42
42
42
42
42
42
42
42
42
42
42
22
42
42
42
42
42
42
42
42
42
42
22
42
42
42
42
42
42
42
42
42
22
42
42
42
42
42
42
42
42
22
42
42
42
42
42
42
42
22
42
42
42
42
42
42
22
42
42
42
42
42
22
42
42
42
42
22
42
42
42
22
42
42
22
42
22
