21
26
26
26
26
26
27
32
32
32
32
27
32
32
32
27
32
32
27
32
27
27
33
33
33
33
33
39
39
39
33
39
39
33
39
33
27
33
33
33
33
39
39
33
39
33
27
33
33
33
39
33
27
33
33
27
12
18
18
18
18
19
25
25
25
19
25
25
19
25
19
18
25
25
25
25
32
32
25
32
25
18
25
25
25
32
25
18
25
25
18
12
18
18
18
19
25
25
19
25
19
18
25
25
25
32
25
18
25
25
18
12
18
18
19
25
19
18
25
25
18
12
18
19
18
12
7
13
13
13
13
14
20
20
20
14
20
20
14
20
14
14
21
21
21
21
28
28
21
28
21
14
21
21
21
28
21
14
21
21
14
13
20
20
20
21
28
28
21
28
21
20
28
28
28
36
28
20
28
28
20
13
20
20
21
28
21
20
28
28
20
13
20
21
20
13
7
13
13
13
14
20
20
14
20
14
14
21
21
21
28
21
14
21
21
14
13
20
20
21
28
21
20
28
28
20
13
20
21
20
13
7
13
13
14
20
14
14
21
21
14
13
20
21
20
13
7
13
14
14
13
7
