78
89
89
89
89
89
89
89
89
89
89
89
24
35
35
35
35
35
35
35
35
35
35
24
35
35
35
35
35
35
35
35
35
24
35
35
35
35
35
35
35
35
24
35
35
35
35
35
35
35
24
35
35
35
35
35
35
24
35
35
35
35
35
24
35
35
35
35
24
35
35
35
24
35
35
24
35
24
13
25
25
25
25
25
25
25
25
25
25
25
37
37
37
37
37
37
37
37
37
25
37
37
37
37
37
37
37
37
25
37
37
37
37
37
37
37
25
37
37
37
37
37
37
25
37
37
37
37
37
25
37
37
37
37
25
37
37
37
25
37
37
25
37
25
13
25
25
25
25
25
25
25
25
25
25
37
37
37
37
37
37
37
37
25
37
37
37
37
37
37
37
25
37
37
37
37
37
37
25
37
37
37
37
37
25
37
37
37
37
25
37
37
37
25
37
37
25
37
25
13
25
25
25
25
25
25
25
25
25
37
37
37
37
37
37
37
25
37
37
37
37
37
37
25
37
37
37
37
37
25
37
37
37
37
25
37
37
37
25
37
37
25
37
25
13
25
25
25
25
25
25
25
25
37
37
37
37
37
37
25
37
37
37
37
37
25
37
37
37
37
25
37
37
37
25
37
37
25
37
25
13
25
25
25
25
25
25
25
37
37
37
37
37
25
37
37
37
37
25
37
37
37
25
37
37
25
37
25
13
25
25
25
25
25
25
37
37
37
37
25
37
37
37
25
37
37
25
37
25
13
25
25
25
25
25
37
37
37
25
37
37
25
37
25
13
25
25
25
25
37
37
25
37
25
13
25
25
25
37
25
13
25
25
13
