66
76
76
76
76
76
76
76
76
76
76
22
32
32
32
32
32
32
32
32
32
22
32
32
32
32
32
32
32
32
22
32
32
32
32
32
32
32
22
32
32
32
32
32
32
22
32
32
32
32
32
22
32
32
32
32
22
32
32
32
22
32
32
22
32
22
12
23
23
23
23
23
23
23
23
23
23
34
34
34
34
34
34
34
34
23
34
34
34
34
34
34
34
23
34
34
34
34
34
34
23
34
34
34
34
34
23
34
34
34
34
23
34
34
34
23
34
34
23
34
23
12
23
23
23
23
23
23
23
23
23
34
34
34
34
34
34
34
23
34
34
34
34
34
34
23
34
34
34
34
34
23
34
34
34
34
23
34
34
34
23
34
34
23
34
23
12
23
23
23
23
23
23
23
23
34
34
34
34
34
34
23
34
34
34
34
34
23
34
34
34
34
23
34
34
34
23
34
34
23
34
23
12
23
23
23
23
23
23
23
34
34
34
34
34
23
34
34
34
34
23
34
34
34
23
34
34
23
34
23
12
23
23
23
23
23
23
34
34
34
34
23
34
34
34
23
34
34
23
34
23
12
23
23
23
23
23
34
34
34
23
34
34
23
34
23
12
23
23
23
23
34
34
23
34
23
12
23
23
23
34
23
12
23
23
12
