36
43
43
43
43
43
43
43
44
51
51
51
51
51
51
44
51
51
51
51
51
44
51
51
51
51
44
51
51
51
44
51
51
44
51
44
16
24
24
24
24
24
24
24
32
32
32
32
32
24
32
32
32
32
24
32
32
32
24
32
32
24
32
24
16
24
24
24
24
24
24
32
32
32
32
24
32
32
32
24
32
32
24
32
24
16
24
24
24
24
24
32
32
32
24
32
32
24
32
24
16
24
24
24
24
32
32
24
32
24
16
24
24
24
32
24
16
24
24
16
9
17
17
17
17
17
17
18
26
26
26
26
26
18
26
26
26
26
18
26
26
26
18
26
26
18
26
18
17
26
26
26
26
26
26
35
35
35
35
26
35
35
35
26
35
35
26
35
26
17
26
26
26
26
26
35
35
35
26
35
35
26
35
26
17
26
26
26
26
35
35
26
35
26
17
26
26
26
35
26
17
26
26
17
9
17
17
17
17
17
18
26
26
26
26
18
26
26
26
18
26
26
18
26
18
17
26
26
26
26
26
35
35
35
26
35
35
26
35
26
17
26
26
26
26
35
35
26
35
26
17
26
26
26
35
26
17
26
26
17
9
17
17
17
17
18
26
26
26
18
26
26
18
26
18
17
26
26
26
26
35
35
26
35
26
17
26
26
26
35
26
17
26
26
17
9
17
17
17
18
26
26
18
26
18
17
26
26
26
35
26
17
26
26
17
9
17
17
18
26
18
17
26
26
17
9
17
18
17
9
