3.08001188380088
6.16013803306034
9.24049146292424
12.3211827216444
15.4023187397835
18.4840017740418
21.9911485751285
24.6493890627973
27.7332667280418
30.8180370904177
33.9037678897684
36.9905188003654
40.8407044966673
43.1672792320378
46.2573680759113
49.3486361898483
52.4411047264866
55.5347881721262
58.6296948361979
61.7258273688523
64.8231832925091
67.9217555351004
71.0215329547189
74.1225008473379
77.2246414311284
80.3279343025989
83.4323568612974
86.5378847011207
89.6444919673750
92.7521516796243