2.62767543298580
5.30732479911813
8.06713558067996
10.9087075097656
13.8191915908431
16.7826910990524
19.7855051302486
22.8172530438284
25.8704425602229
28.9397360495826
32.0213171932259
35.1124265284667
38.2110397247997
41.3156486486627
44.4251124171976
47.5385552514534
50.6552955841451
53.7747961852551
56.8966285764125
60.0204472838127
63.1459709568806
66.2729683429629
69.4012477419930
72.5306489866853
75.6610372777777
78.7922983974656
81.9243349578431
85.0570634345598
88.1904118019146
91.3243176327943